0 0.25703125 0.7569444444444444 0.021875 0.10833333333333334
0 0.26328125 0.5354166666666667 0.021875 0.10277777777777777
0 0.250390625 0.9583333333333334 0.01640625 0.08333333333333333
0 0.34140625 0.9736111111111111 0.021875 0.05277777777777778
0 0.341796875 0.7645833333333333 0.02265625 0.12777777777777777
0 0.327734375 0.8395833333333333 0.02109375 0.11944444444444445
0 0.315234375 0.8861111111111111 0.01875 0.07777777777777778
0 0.2921875 0.6423611111111112 0.01953125 0.09722222222222222
0 0.310546875 0.6465277777777778 0.01875 0.10555555555555556
0 0.320703125 0.6930555555555555 0.0171875 0.03194444444444444
0 0.32421875 0.6 0.015625 0.027777777777777776
0 0.342578125 0.3236111111111111 0.021875 0.125
0 0.3296875 0.37222222222222223 0.0203125 0.10277777777777777
0 0.316796875 0.45694444444444443 0.015625 0.06805555555555555
0 0.297265625 0.4548611111111111 0.01796875 0.07222222222222222
0 0.31015625 0.3854166666666667 0.0234375 0.09861111111111111
0 0.300390625 0.29791666666666666 0.0234375 0.1
0 0.323046875 0.2881944444444444 0.0203125 0.09166666666666666
0 0.334765625 0.17708333333333334 0.0203125 0.1111111111111111
0 0.30625 0.13055555555555556 0.0234375 0.10277777777777777
0 0.340625 0.029861111111111113 0.0203125 0.059722222222222225
0 0.312109375 0.21875 0.02421875 0.1
0 0.325 0.09583333333333334 0.01875 0.10833333333333334
0 0.3171875 0.043055555555555555 0.0234375 0.08611111111111111
0 0.3421875 0.5402777777777777 0.0171875 0.12361111111111112