0 0.74296875 0.24305555555555555 0.021875 0.10833333333333334
0 0.73671875 0.46458333333333335 0.021875 0.10277777777777777
0 0.748828125 0.041666666666666664 0.01640625 0.08333333333333333
0 0.65859375 0.02638888888888889 0.021875 0.05277777777777778
0 0.658203125 0.23541666666666666 0.02265625 0.12777777777777777
0 0.672265625 0.16041666666666668 0.02109375 0.11944444444444445
0 0.684765625 0.11388888888888889 0.01875 0.07777777777777778
0 0.7078125 0.3576388888888889 0.01953125 0.09722222222222222
0 0.689453125 0.35347222222222224 0.01875 0.10555555555555556
0 0.679296875 0.30694444444444446 0.0171875 0.03194444444444444
0 0.67578125 0.4 0.015625 0.027777777777777776
0 0.657421875 0.6763888888888889 0.021875 0.125
0 0.6703125 0.6277777777777778 0.0203125 0.10277777777777777
0 0.683203125 0.5430555555555555 0.015625 0.06805555555555555
0 0.702734375 0.5451388888888888 0.01796875 0.07222222222222222
0 0.68984375 0.6145833333333334 0.0234375 0.09861111111111111
0 0.699609375 0.7020833333333333 0.0234375 0.1
0 0.676953125 0.7118055555555556 0.0203125 0.09166666666666666
0 0.665234375 0.8229166666666666 0.0203125 0.1111111111111111
0 0.69375 0.8694444444444445 0.0234375 0.10138888888888889
0 0.65859375 0.9694444444444444 0.0203125 0.06111111111111111
0 0.687890625 0.78125 0.02421875 0.10138888888888889
0 0.675 0.9041666666666667 0.01875 0.10833333333333334
0 0.6828125 0.9569444444444445 0.0234375 0.08611111111111111
0 0.6578125 0.4597222222222222 0.0171875 0.12361111111111112