0 0.35546875 0.06805555555555555 0.060546875 0.03958333333333333
0 0.480078125 0.07916666666666666 0.0578125 0.03819444444444445
0 0.23515625 0.05694444444444444 0.060546875 0.029166666666666667
0 0.10625 0.20069444444444445 0.068359375 0.03611111111111111
0 0.1921875 0.17777777777777778 0.065234375 0.04236111111111111
0 0.2140625 0.21805555555555556 0.06875 0.03888888888888889
0 0.351171875 0.21875 0.071875 0.04027777777777778
0 0.308984375 0.19375 0.0671875 0.0375
0 0.2828125 0.17152777777777778 0.043359375 0.03263888888888889
0 0.419921875 0.13055555555555556 0.054296875 0.034722222222222224
0 0.417578125 0.16319444444444445 0.059375 0.03263888888888889
0 0.39140625 0.18125 0.01796875 0.03125
0 0.44375 0.1875 0.015234375 0.027083333333333334
0 0.59921875 0.22013888888888888 0.070703125 0.03958333333333333
0 0.571875 0.19722222222222222 0.058203125 0.03680555555555556
0 0.52421875 0.17430555555555555 0.03828125 0.02847222222222222
0 0.525390625 0.13958333333333334 0.040625 0.03194444444444444
0 0.564453125 0.1625 0.05546875 0.04097222222222222
0 0.613671875 0.1451388888888889 0.056640625 0.04236111111111111
0 0.619140625 0.18541666666666667 0.0515625 0.03611111111111111
0 0.681640625 0.20625 0.0625 0.035416666666666666
0 0.7078125 0.15555555555555556 0.057421875 0.041666666666666664
0 0.780859375 0.21736111111111112 0.067578125 0.035416666666666666
0 0.658203125 0.16597222222222222 0.056640625 0.043055555555555555
0 0.72734375 0.18888888888888888 0.060546875 0.03333333333333333
0 0.76328125 0.175 0.061328125 0.04236111111111111
0 0.81015625 0.15416666666666667 0.058203125 0.034027777777777775
0 0.86328125 0.1798611111111111 0.06640625 0.030555555555555555
0 0.91015625 0.1638888888888889 0.059375 0.03263888888888889
0 0.9703125 0.19027777777777777 0.059375 0.03194444444444444
0 0.98046875 0.15694444444444444 0.038671875 0.03611111111111111
0 0.894921875 0.14722222222222223 0.058984375 0.035416666666666666
0 0.47734375 0.21944444444444444 0.06953125 0.029861111111111113